<html>
<head><meta charset="utf-8" /></head>
<body>
    <div>                        <script type="text/javascript">window.PlotlyConfig = {MathJaxConfig: 'local'};</script>
        <script charset="utf-8" src="https://cdn.plot.ly/plotly-3.3.0.min.js" integrity="sha256-bO3dS6yCpk9aK4gUpNELtCiDeSYvGYnK7jFI58NQnHI=" crossorigin="anonymous"></script>                <div id="4db2fe79-63ec-425a-8d92-af53f7a81ab9" class="plotly-graph-div" style="height:1400px; width:1400px;"></div>            <script type="text/javascript">                window.PLOTLYENV=window.PLOTLYENV || {};                                if (document.getElementById("4db2fe79-63ec-425a-8d92-af53f7a81ab9")) {                    Plotly.newPlot(                        "4db2fe79-63ec-425a-8d92-af53f7a81ab9",                        [{"colorscale":[[0.0,"rgb(5,48,97)"],[0.1,"rgb(33,102,172)"],[0.2,"rgb(67,147,195)"],[0.3,"rgb(146,197,222)"],[0.4,"rgb(209,229,240)"],[0.5,"rgb(247,247,247)"],[0.6,"rgb(253,219,199)"],[0.7,"rgb(244,165,130)"],[0.8,"rgb(214,96,77)"],[0.9,"rgb(178,24,43)"],[1.0,"rgb(103,0,31)"]],"hovertemplate":"y=%{y}\u003cbr\u003ex=%{x}\u003cbr\u003ecorr=%{z:.2f}\u003cextra\u003epearson background\u003c\u002fextra\u003e","text":[["1.0","0.02","0.06","0.02","-0.03","-0.01","0.03","0.07","-0.08","0.04","0.05","0.34","0.25","0.23","-0.09"],["0.02","1.0","0.28","-0.03","-0.02","0.23","-0.03","-0.0","-0.07","-0.0","0.05","0.32","-0.1","-0.06","-0.0"],["0.06","0.28","1.0","0.08","-0.13","0.46","-0.15","-0.12","-0.15","-0.05","-0.1","-0.0","-0.05","-0.01","0.05"],["0.02","-0.03","0.08","1.0","-0.46","0.35","-0.35","-0.63","-0.58","-0.31","-0.7","-0.04","-0.15","-0.07","0.11"],["-0.03","-0.02","-0.13","-0.46","1.0","-0.18","0.6","0.4","0.42","0.39","0.45","-0.05","0.12","0.04","-0.02"],["-0.01","0.23","0.46","0.35","-0.18","1.0","-0.2","-0.28","-0.26","-0.09","-0.26","0.03","-0.17","-0.23","0.05"],["0.03","-0.03","-0.15","-0.35","0.6","-0.2","1.0","0.26","0.37","0.2","0.34","0.08","0.07","0.03","-0.08"],["0.07","-0.0","-0.12","-0.63","0.4","-0.28","0.26","1.0","0.51","0.51","0.67","0.06","0.25","0.13","-0.09"],["-0.08","-0.07","-0.15","-0.58","0.42","-0.26","0.37","0.51","1.0","0.18","0.58","-0.05","0.03","-0.01","-0.26"],["0.04","-0.0","-0.05","-0.31","0.39","-0.09","0.2","0.51","0.18","1.0","0.33","0.11","0.31","0.13","-0.0"],["0.05","0.05","-0.1","-0.7","0.45","-0.26","0.34","0.67","0.58","0.33","1.0","0.12","0.1","0.05","-0.14"],["0.34","0.32","-0.0","-0.04","-0.05","0.03","0.08","0.06","-0.05","0.11","0.12","1.0","0.06","0.11","-0.2"],["0.25","-0.1","-0.05","-0.15","0.12","-0.17","0.07","0.25","0.03","0.31","0.1","0.06","1.0","0.55","-0.03"],["0.23","-0.06","-0.01","-0.07","0.04","-0.23","0.03","0.13","-0.01","0.13","0.05","0.11","0.55","1.0","-0.05"],["-0.09","-0.0","0.05","0.11","-0.02","0.05","-0.08","-0.09","-0.26","-0.0","-0.14","-0.2","-0.03","-0.05","1.0"]],"textfont":{"color":"black","size":11},"texttemplate":"%{text}","x":["tpm_muscle","ncRVIS","loeuf_score","ncGERP","RVIS_score","ncCADD","pHaplo","pTriplo","Episcore","pLI","median_tpm","num_enh","num_super_enh","tau","vg_eqtl"],"y":["tpm_muscle","ncRVIS","loeuf_score","ncGERP","RVIS_score","ncCADD","pHaplo","pTriplo","Episcore","pLI","median_tpm","num_enh","num_super_enh","tau","vg_eqtl"],"z":{"dtype":"f8","bdata":"AAAAAAAA8D\u002fUZL4ARBGYPw2mcTntGrA\u002f9tJCNirVkz\u002fMz9Ke64Gfv21gIz7vOoK\u002fMaPigaCZnz+RFjFw7daxPyvrdsRvFLS\u002f8wcZ9XITpj9jpqsxhs2rP3XpLjEZCdY\u002fmSAs5BAu0D+hldJAkhPNP1ReQ20WBLi\u002f1GS+AEQRmD8AAAAAAADwP8KvOD3DC9I\u002fLX1nnAkhnL\u002fZg+9mf+mYvwx\u002faGZt8sw\u002fTmXqyeTLoL+SZZnKxN5wv0m90ZOStbK\u002fYY21ptEscL9f6Uj1kQGrP5FCS2B0v9Q\u002ftuzBCievur89dQQZmr+tv55RV2qVeHC\u002fDaZxOe0asD\u002fCrzg9wwvSPwAAAAAAAPA\u002f9hW\u002ftqPLtD+8KmTpCyvBv5NjLVKTV90\u002fa\u002fpXDPlvw78L6TZDzIy+v2YetnbSrMK\u002f6BcRRov2p78dSUHPfKK6v6XhpAtaQVi\u002f+2teslqyqb+CBghXQCmMv1XTtlk56Ko\u002f9tJCNirVkz8tfWecCSGcv\u002fYVv7ajy7Q\u002fAAAAAAAA8D+1ZFvN8yndv2Bn9yj1NtY\u002fbsy3rQaG1r9PFJsmCgrkv\u002fKVvlZMgeK\u002fHdfTqHnu079ZBdEwkknmv+ZhT1CxmKW\u002fgH4zKm4Fw79zAFhrHv+yv70neBSg+7s\u002fzM\u002fSnuuBn7\u002fZg+9mf+mYv7wqZOkLK8G\u002ftWRbzfMp3b8AAAAAAADwP6LVPGxx18a\u002fgv8elKAa4z+7rAyujU\u002fZP7lfdaZQtdo\u002fRiPvU8gb2T809ZNb+QTdP94YBT8NyKi\u002fX8vLSd0Rvj83Xl5+9RmlPwmxC8Mx0o+\u002fbWAjPu86gr8Mf2hmbfLMP5NjLVKTV90\u002fYGf3KPU21j+i1TxscdfGvwAAAAAAAPA\u002f0oec2rwhyr\u002fsMXDNURbSvyNFUCjG4dC\u002fPtJ2BLnHt7+XctzupKTQv466ejQGnKE\u002frIUsdKZQxr++8b\u002fVLhnNv3dXpTaiMqs\u002fMaPigaCZnz9OZerJ5Mugv2v6Vwz5b8O\u002fbsy3rQaG1r+C\u002fx6UoBrjP9KHnNq8Icq\u002fAAAAAAAA8D\u002f50B6v3Y\u002fQP8MNh0YGqtc\u002fr7ypaETByT+yTh4IYrvVP4hzz+uERLQ\u002fmiLtCWPvsT9CvmBIJ8qhP9gttUyHVbS\u002fkRYxcO3WsT+SZZnKxN5wvwvpNkPMjL6\u002fTxSbJgoK5L+7rAyujU\u002fZP+wxcM1RFtK\u002f+dAer92P0D8AAAAAAADwP5CN8d9Gd+A\u002fLuLB1r404D+l+zm9Fm\u002flP3ebVQnoL60\u002fmzWDfvkT0D9vLJ4t7wDAPwWOAyyiLbi\u002fK+t2xG8UtL9JvdGTkrWyv2YetnbSrMK\u002f8pW+VkyB4r+5X3WmULXaPyNFUCjG4dC\u002fww2HRgaq1z+QjfHfRnfgPwAAAAAAAPA\u002fVK\u002flzZpsxj+e3qrhC27iP7uwKt40G6u\u002fzSwvFHSxmz\u002fy9XBmTXx8v2UKja5d9dC\u002f8wcZ9XITpj9hjbWm0Sxwv+gXEUaL9qe\u002fHdfTqHnu079GI+9TyBvZPz7SdgS5x7e\u002fr7ypaETByT8u4sHWvjTgP1Sv5c2abMY\u002fAAAAAAAA8D84WGt4rxrVP469yQ8mH7w\u002fNzZnbf8j1D\u002fqrhU+6e7AP23KYzgDnV+\u002fY6arMYbNqz9f6Uj1kQGrPx1JQc98orq\u002fWQXRMJJJ5r809ZNb+QTdP5dy3O6kpNC\u002fsk4eCGK71T+l+zm9Fm\u002flP57equELbuI\u002fOFhreK8a1T8AAAAAAADwP2zFCkXJer8\u002fwlHi53Eduj+301Yd8aCrP1yKGFKmfMG\u002fdekuMRkJ1j+RQktgdL\u002fUP6XhpAtaQVi\u002f5mFPULGYpb\u002feGAU\u002fDciov466ejQGnKE\u002fiHPP64REtD93m1UJ6C+tP7uwKt40G6u\u002fjr3JDyYfvD9sxQpFyXq\u002fPwAAAAAAAPA\u002f4pcxibBasD+CXneavW+9P+K2Z96QzMm\u002fmSAs5BAu0D+27MEKJ6+6v\u002ftrXrJasqm\u002fgH4zKm4Fw79fy8tJ3RG+P6yFLHSmUMa\u002fmiLtCWPvsT+bNYN++RPQP80sLxR0sZs\u002fNzZnbf8j1D\u002fCUeLncR26P+KXMYmwWrA\u002fAAAAAAAA8D9uiqffuKLhP7hkLcw3VKG\u002foZXSQJITzT89dQQZmr+tv4IGCFdAKYy\u002fcwBYax7\u002fsr83Xl5+9RmlP77xv9UuGc2\u002fQr5gSCfKoT9vLJ4t7wDAP\u002fL1cGZNfHy\u002f6q4VPunuwD+301Yd8aCrP4Jed5q9b70\u002fboqn37ii4T8AAAAAAADwP\u002fIP9Kq0BKq\u002fVF5DbRYEuL+eUVdqlXhwv1XTtlk56Ko\u002fvSd4FKD7uz8JsQvDMdKPv3dXpTaiMqs\u002f2C21TIdVtL8FjgMsoi24v2UKja5d9dC\u002fbcpjOAOdX79cihhSpnzBv+K2Z96QzMm\u002fuGQtzDdUob\u002fyD\u002fSqtASqvwAAAAAAAPA\u002f","shape":"15, 15"},"zmax":1,"zmin":-1,"type":"heatmap","xaxis":"x","yaxis":"y"},{"colorscale":[[0.0,"rgb(5,48,97)"],[0.1,"rgb(33,102,172)"],[0.2,"rgb(67,147,195)"],[0.3,"rgb(146,197,222)"],[0.4,"rgb(209,229,240)"],[0.5,"rgb(247,247,247)"],[0.6,"rgb(253,219,199)"],[0.7,"rgb(244,165,130)"],[0.8,"rgb(214,96,77)"],[0.9,"rgb(178,24,43)"],[1.0,"rgb(103,0,31)"]],"hovertemplate":"y=%{y}\u003cbr\u003ex=%{x}\u003cbr\u003ecorr=%{z:.2f}\u003cextra\u003espearman background\u003c\u002fextra\u003e","text":[["1.0","-0.13","-0.02","-0.09","0.04","0.03","0.21","0.07","0.21","0.02","0.17","0.77","0.22","0.16","-0.61"],["-0.13","1.0","0.21","0.13","-0.21","0.1","-0.16","-0.12","-0.23","-0.03","-0.14","-0.01","-0.0","0.01","0.2"],["-0.02","0.21","1.0","0.2","-0.19","0.12","-0.16","-0.13","-0.22","-0.06","-0.22","-0.01","-0.12","-0.02","0.05"],["-0.09","0.13","0.2","1.0","-0.44","0.5","-0.34","-0.68","-0.6","-0.36","-0.72","-0.1","-0.14","-0.09","0.13"],["0.04","-0.21","-0.19","-0.44","1.0","-0.17","0.54","0.33","0.37","0.35","0.41","0.05","0.04","-0.02","-0.05"],["0.03","0.1","0.12","0.5","-0.17","1.0","-0.16","-0.38","-0.31","-0.14","-0.28","0.02","-0.15","-0.09","0.01"],["0.21","-0.16","-0.16","-0.34","0.54","-0.16","1.0","0.22","0.35","0.18","0.32","0.22","0.04","0.04","-0.16"],["0.07","-0.12","-0.13","-0.68","0.33","-0.38","0.22","1.0","0.49","0.5","0.57","0.08","0.23","0.18","-0.08"],["0.21","-0.23","-0.22","-0.6","0.37","-0.31","0.35","0.49","1.0","0.15","0.47","0.18","0.07","0.09","-0.29"],["0.02","-0.03","-0.06","-0.36","0.35","-0.14","0.18","0.5","0.15","1.0","0.38","0.09","0.28","0.13","0.02"],["0.17","-0.14","-0.22","-0.72","0.41","-0.28","0.32","0.57","0.47","0.38","1.0","0.17","0.05","0.04","-0.21"],["0.77","-0.01","-0.01","-0.1","0.05","0.02","0.22","0.08","0.18","0.09","0.17","1.0","0.22","0.26","-0.55"],["0.22","-0.0","-0.12","-0.14","0.04","-0.15","0.04","0.23","0.07","0.28","0.05","0.22","1.0","0.52","0.02"],["0.16","0.01","-0.02","-0.09","-0.02","-0.09","0.04","0.18","0.09","0.13","0.04","0.26","0.52","1.0","0.01"],["-0.61","0.2","0.05","0.13","-0.05","0.01","-0.16","-0.08","-0.29","0.02","-0.21","-0.55","0.02","0.01","1.0"]],"textfont":{"color":"black","size":11},"texttemplate":"%{text}","x":["tpm_muscle","ncRVIS","loeuf_score","ncGERP","RVIS_score","ncCADD","pHaplo","pTriplo","Episcore","pLI","median_tpm","num_enh","num_super_enh","tau","vg_eqtl"],"y":["tpm_muscle","ncRVIS","loeuf_score","ncGERP","RVIS_score","ncCADD","pHaplo","pTriplo","Episcore","pLI","median_tpm","num_enh","num_super_enh","tau","vg_eqtl"],"z":{"dtype":"f8","bdata":"AAAAAAAA8D8d0v17+5fAv4SutJofGZG\u002f1xJoVk8QuL+iV7lfZHuiP8GrGNTS6qE\u002feNXYtvrtyj9rrwuhGVOyP+X8WdXKJ8s\u002fw0R1B2KCkj+49S1drZnFP9zFvCXUoeg\u002frTS5SEvCyz94G7ODIZ3EP6Z2jRXcguO\u002fHdL9e\u002fuXwL8AAAAAAADwP91865qaeMo\u002fReffMd21wD\u002fB8+nQfYHKvz6nqjZ1sbg\u002fwI5nyUTnxL+PtVXyUCm+v+HDK9rldM2\u002fVTdzqXuAnb9uur2BF2bCv1mwA9T4HYq\u002fbSgJwmWwcb+Ey650gs2AP4kryRJNTMk\u002fhK60mh8Zkb\u002fdfOuamnjKPwAAAAAAAPA\u002ff3DJlWv9yD+egLaQlJPIv3nkUJv2e70\u002fxnYejpD2w78JvEYdlBfAv7WdnxnI\u002fMu\u002fwh35lylEsL84\u002fNrjqbTLv3pIFSWq94a\u002flzpXVg+kvb\u002fuqMzPi6aWv5vRg1qNhqk\u002f1xJoVk8QuL9F598x3bXAP39wyZVr\u002fcg\u002fAAAAAAAA8D+s0eUOtUrcv15f+EkX7N8\u002flW+Z5Suy1b9kr7dlVqzlv2xoV3afHuO\u002fCxLKz6gn179YGlyYcQ3nv4fGdIfKK7m\u002fcoEMhv71wb9dQjG\u002fNqy3v3M4qAU8jMA\u002fole5X2R7oj\u002fB8+nQfYHKv56AtpCUk8i\u002frNHlDrVK3L8AAAAAAADwP1jvghr4pMW\u002fEAk0d54r4T9fSUouJlfVP++9aINvjtc\u002fXnkB++qn1j9KYtKAXlDaPwqol2CuZKk\u002fDaRJ4tXtpj\u002flC2AMEPuQv48HOogdf6e\u002fwasY1NLqoT8+p6o2dbG4P3nkUJv2e70\u002fXl\u002f4SRfs3z9Y74Ia+KTFvwAAAAAAAPA\u002fzrllKSnAxL\u002fW94hmrQTYv\u002fz\u002f1ycLGtS\u002f76T5UDgQwr\u002fLvhiEefHRv\u002faGuUtbR5A\u002fGquVWkbNwr\u002fj0HDZ4ie3vwSA13\u002fw6YA\u002feNXYtvrtyj\u002fAjmfJROfEv8Z2Ho6Q9sO\u002flW+Z5Suy1b8QCTR3nivhP865ZSkpwMS\u002fAAAAAAAA8D9LlY6ar0HMP+y8cY7Ie9Y\u002fSrUADZ+vxj97Q4jmKFjUP7E\u002fEmhat8w\u002fX43OtwRCoz\u002f880Sux7qiPyRftWMwE8S\u002fa68LoRlTsj+PtVXyUCm+vwm8Rh2UF8C\u002fZK+3ZVas5b9fSUouJlfVP9b3iGatBNi\u002fS5WOmq9BzD8AAAAAAADwP5GwZ65HLN8\u002fvFJTvuUM4D+ZN1UjTGPiPxYX4NE4Y7M\u002flxpZIP6hzT+lpaiiv1LHP2DXmdA3abO\u002f5fxZ1conyz\u002fhwyva5XTNv7WdnxnI\u002fMu\u002fbGhXdp8e47\u002fvvWiDb47XP\u002fz\u002f1ycLGtS\u002f7Lxxjsh71j+RsGeuRyzfPwAAAAAAAPA\u002f6fJGAc4awz+PgMF5Yf7dPxC1kjCBisY\u002fX6HJuN+JsT9nLBATVfS1P4uCbxGQeNK\u002fw0R1B2KCkj9VN3Ope4Cdv8Id+ZcpRLC\u002fCxLKz6gn179eeQH76qfWP++k+VA4EMK\u002fSrUADZ+vxj+8UlO+5QzgP+nyRgHOGsM\u002fAAAAAAAA8D8TLqiKHwfYP14XJs0FJ7g\u002fk4n5oB4T0j9ReMVn6YTAPwIMZO+0cJk\u002fuPUtXa2ZxT9uur2BF2bCvzj82uOptMu\u002fWBpcmHEN579KYtKAXlDaP8u+GIR58dG\u002fe0OI5ihY1D+ZN1UjTGPiP4+AwXlh\u002ft0\u002fEy6oih8H2D8AAAAAAADwP65VTT9xj8U\u002fF14lLQlzqj+BO6\u002f6zjqkP9DcIglogcu\u002f3MW8JdSh6D9ZsAPU+B2Kv3pIFSWq94a\u002fh8Z0h8orub8KqJdgrmSpP\u002faGuUtbR5A\u002fsT8SaFq3zD8WF+DROGOzPxC1kjCBisY\u002fXhcmzQUnuD+uVU0\u002fcY\u002fFPwAAAAAAAPA\u002fjJZj7DuwzD9RO11OW+HQP\u002fVx\u002f3cVkeG\u002frTS5SEvCyz9tKAnCZbBxv5c6V1YPpL2\u002fcoEMhv71wb8NpEni1e2mPxqrlVpGzcK\u002fX43OtwRCoz+XGlkg\u002fqHNP1+hybjfibE\u002fk4n5oB4T0j8XXiUtCXOqP4yWY+w7sMw\u002fAAAAAAAA8D89IjDhgaDgP9pe54ZzfJM\u002feBuzgyGdxD+Ey650gs2AP+6ozM+Lppa\u002fXUIxvzast7\u002flC2AMEPuQv+PQcNniJ7e\u002f\u002fPNErse6oj+lpaiiv1LHP2csEBNV9LU\u002fUXjFZ+mEwD+BO6\u002f6zjqkP1E7XU5b4dA\u002fPSIw4YGg4D8AAAAAAADwP9EXDk3YUYU\u002fpnaNFdyC47+JK8kSTUzJP5vRg1qNhqk\u002fczioBTyMwD+PBzqIHX+nvwSA13\u002fw6YA\u002fJF+1YzATxL9g15nQN2mzv4uCbxGQeNK\u002fAgxk77RwmT\u002fQ3CIJaIHLv\u002fVx\u002f3cVkeG\u002f2l7nhnN8kz\u002fRFw5N2FGFPwAAAAAAAPA\u002f","shape":"15, 15"},"zmax":1,"zmin":-1,"type":"heatmap","xaxis":"x5","yaxis":"y5"},{"colorscale":[[0.0,"rgb(5,48,97)"],[0.1,"rgb(33,102,172)"],[0.2,"rgb(67,147,195)"],[0.3,"rgb(146,197,222)"],[0.4,"rgb(209,229,240)"],[0.5,"rgb(247,247,247)"],[0.6,"rgb(253,219,199)"],[0.7,"rgb(244,165,130)"],[0.8,"rgb(214,96,77)"],[0.9,"rgb(178,24,43)"],[1.0,"rgb(103,0,31)"]],"hovertemplate":"y=%{y}\u003cbr\u003ex=%{x}\u003cbr\u003ecorr=%{z:.2f}\u003cextra\u003epearson clingen\u003c\u002fextra\u003e","text":[["1.0","0.0","-0.08","0.0","-0.06","-0.01","0.03","-0.03","-0.04","-0.06","0.0","0.33","-0.03","0.05","-0.13"],["0.0","1.0","0.18","0.25","-0.21","0.35","-0.11","-0.18","-0.17","-0.11","-0.13","0.1","-0.08","-0.05","0.23"],["-0.08","0.18","1.0","0.18","-0.31","-0.0","-0.21","-0.12","-0.18","-0.07","-0.16","0.0","-0.04","-0.06","0.19"],["0.0","0.25","0.18","1.0","-0.49","0.48","-0.38","-0.77","-0.55","-0.38","-0.83","-0.02","-0.11","-0.08","0.09"],["-0.06","-0.21","-0.31","-0.49","1.0","-0.17","0.55","0.46","0.42","0.4","0.49","-0.13","0.25","0.15","-0.06"],["-0.01","0.35","-0.0","0.48","-0.17","1.0","-0.18","-0.36","-0.23","-0.13","-0.32","0.05","-0.09","-0.08","0.15"],["0.03","-0.11","-0.21","-0.38","0.55","-0.18","1.0","0.33","0.33","0.23","0.33","-0.12","0.13","0.16","-0.05"],["-0.03","-0.18","-0.12","-0.77","0.46","-0.36","0.33","1.0","0.53","0.55","0.71","-0.03","0.18","0.12","-0.03"],["-0.04","-0.17","-0.18","-0.55","0.42","-0.23","0.33","0.53","1.0","0.27","0.55","-0.07","0.18","0.13","-0.12"],["-0.06","-0.11","-0.07","-0.38","0.4","-0.13","0.23","0.55","0.27","1.0","0.41","0.02","0.26","0.13","-0.03"],["0.0","-0.13","-0.16","-0.83","0.49","-0.32","0.33","0.71","0.55","0.41","1.0","0.07","0.13","0.07","-0.11"],["0.33","0.1","0.0","-0.02","-0.13","0.05","-0.12","-0.03","-0.07","0.02","0.07","1.0","0.01","0.03","-0.24"],["-0.03","-0.08","-0.04","-0.11","0.25","-0.09","0.13","0.18","0.18","0.26","0.13","0.01","1.0","0.5","-0.24"],["0.05","-0.05","-0.06","-0.08","0.15","-0.08","0.16","0.12","0.13","0.13","0.07","0.03","0.5","1.0","-0.18"],["-0.13","0.23","0.19","0.09","-0.06","0.15","-0.05","-0.03","-0.12","-0.03","-0.11","-0.24","-0.24","-0.18","1.0"]],"textfont":{"color":"black","size":11},"texttemplate":"%{text}","x":["tpm_muscle","ncRVIS","loeuf_score","ncGERP","RVIS_score","ncCADD","pHaplo","pTriplo","Episcore","pLI","median_tpm","num_enh","num_super_enh","tau","vg_eqtl"],"y":["tpm_muscle","ncRVIS","loeuf_score","ncGERP","RVIS_score","ncCADD","pHaplo","pTriplo","Episcore","pLI","median_tpm","num_enh","num_super_enh","tau","vg_eqtl"],"z":{"dtype":"f8","bdata":"AAAAAAAA8D\u002fQWCCGtdVhP2pqmBd+kLW\u002fE2tjFf48XT9RFYFxVuutvy9U1o2mN3+\u002fjcF24pbnoT\u002fCwi0eFGGbv3O1jubvxKS\u002fr7\u002fcgejKrL9cbyUdgOppP9zBqgboO9U\u002fmkBAze1Bob8r0pqwos6pP2t6BD5hecC\u002f0FgghrXVYT8AAAAAAADwP7\u002fgImbCVMc\u002fORZOXQwt0D889b7eeubKv9jvUGTictY\u002fuCDzabNpu79La6FzYVfHv+0YE8sajcW\u002fkL\u002fXzD4+vL+Yzoh8ZVjAv2x0fBwaCrk\u002fIdEwDjswtL9KT2xL9kiov\u002fbBe3YoSM0\u002famqYF36Qtb+\u002f4CJmwlTHPwAAAAAAAPA\u002fTsaWVVeqxj\u002f31d+IWBfUvw7klzjhTFe\u002f+OwfWmO+yr+NDr2Ugmu+v\u002fInjjcbp8a\u002fUPjm7332sL\u002fNN9p900LEv7a89a\u002fxbGA\u002f5CX7CPMCpb\u002fewgd6Uquvv+JuTCNw8sc\u002fE2tjFf48XT85Fk5dDC3QP07GllVXqsY\u002fAAAAAAAA8D\u002fSKfy5azrfvx3Vto2R\u002fd4\u002f10Sl+aIE2L+uM3SQ\u002fIrov\u002fo5oLLOveG\u002f9d3aERgB2L+9TEMBeZDqvxq+CvYhZJK\u002fcnKEaOfuu7\u002fkn9JrWluzv4cFRSNBKbg\u002fURWBcVbrrb889b7eeubKv\u002ffV34hYF9S\u002f0in8uWs6378AAAAAAADwP7lo0wSv8MW\u002fF7hF10WS4T\u002fkktEj2ZvdP7lNH\u002fliDNs\u002ftUX6WiN82T+ylONCDzTfP1zvvjxUEcG\u002fxijyD7w40D8x\u002fRrS2iDDP6rrCfFmuqy\u002fL1TWjaY3f7\u002fY71Bk4nLWPw7klzjhTFe\u002fHdW2jZH93j+5aNMEr\u002fDFvwAAAAAAAPA\u002fxUVgSneoxr\u002fk5UTXCzPXvyQvYP8Y08y\u002fkgiFarBEwb\u002fxTA336G3Uv\u002fcOwi+p3qk\u002f9ZNmGtlOt7+cztMbory1v2cd0l+AXsM\u002fjcF24pbnoT+4IPNps2m7v\u002fjsH1pjvsq\u002f10Sl+aIE2L8XuEXXRZLhP8VFYEp3qMa\u002fAAAAAAAA8D+xWPdLv\u002fPUP7DcEsqEYtU\u002fHTT2\u002fLEozT8AXF4f0kLVP+8ZVaauyb2\u002fYKKiK8mYwD8iuJj9vm\u002fEP1GiaRN0Uqm\u002fwsItHhRhm79La6FzYVfHv40OvZSCa76\u002frjN0kPyK6L\u002fkktEj2ZvdP+TlRNcLM9e\u002fsVj3S7\u002fz1D8AAAAAAADwP8XZPF88D+E\u002fZpQ13ymG4T9IXbxDcb\u002fmP4rWRlHTMqC\u002fmxp8algVxz\u002fk8SaLmm6+P6fUIrQmBZ2\u002fc7WO5u\u002fEpL\u002ftGBPLGo3Fv\u002fInjjcbp8a\u002f+jmgss694b+5TR\u002f5YgzbPyQvYP8Y08y\u002fsNwSyoRi1T\u002fF2TxfPA\u002fhPwAAAAAAAPA\u002fe3JsY+qS0T8BemJJ4Y7hP8bTH8DEeLG\u002fBUYv2crPxj+w4t2opAnAP0ysZ\u002fPmjb2\u002fr7\u002fcgejKrL+Qv9fMPj68v1D45u999rC\u002f9d3aERgB2L+1RfpaI3zZP5IIhWqwRMG\u002fHTT2\u002fLEozT9mlDXfKYbhP3tybGPqktE\u002fAAAAAAAA8D8AEgNw\u002f+zZP7BsrrIpq5Q\u002f\u002f70f0PPu0D\u002fjn2yXbajAP4tTYIFPnpy\u002fXG8lHYDqaT+Yzoh8ZVjAv8032n3TQsS\u002fvUxDAXmQ6r+ylONCDzTfP\u002fFMDffobdS\u002fAFxeH9JC1T9IXbxDcb\u002fmPwF6YknhjuE\u002fABIDcP\u002fs2T8AAAAAAADwP1uxTgStQrE\u002fg5gY+V7YwD+Pd4Le1jmyP5cuDiO9z7u\u002f3MGqBug71T9sdHwcGgq5P7a89a\u002fxbGA\u002fGr4K9iFkkr9c7748VBHBv\u002fcOwi+p3qk\u002f7xlVpq7Jvb+K1kZR0zKgv8bTH8DEeLG\u002fsGyusimrlD9bsU4ErUKxPwAAAAAAAPA\u002fJwtdy\u002fkGgT\u002f8TntWA0ucP2pro4ICz86\u002fmkBAze1Bob8h0TAOOzC0v+Ql+wjzAqW\u002fcnKEaOfuu7\u002fGKPIPvDjQP\u002fWTZhrZTre\u002fYKKiK8mYwD+bGnxqWBXHPwVGL9nKz8Y\u002f\u002f70f0PPu0D+DmBj5XtjAPycLXcv5BoE\u002fAAAAAAAA8D8Rh1dGgRDgP4YVlazq986\u002fK9KasKLOqT9KT2xL9kiov97CB3pSq6+\u002f5J\u002fSa1pbs78x\u002fRrS2iDDP5zO0xuivLW\u002fIriY\u002fb5vxD\u002fk8SaLmm6+P7Di3aikCcA\u002f459sl22owD+Pd4Le1jmyP\u002fxOe1YDS5w\u002fEYdXRoEQ4D8AAAAAAADwP\u002f0npgsMTse\u002fa3oEPmF5wL\u002f2wXt2KEjNP+JuTCNw8sc\u002fhwVFI0EpuD+q6wnxZrqsv2cd0l+AXsM\u002fUaJpE3RSqb+n1CK0JgWdv0ysZ\u002fPmjb2\u002fi1NggU+enL+XLg4jvc+7v2pro4ICz86\u002fhhWVrOr3zr\u002f9J6YLDE7HvwAAAAAAAPA\u002f","shape":"15, 15"},"zmax":1,"zmin":-1,"type":"heatmap","xaxis":"x2","yaxis":"y2"},{"colorscale":[[0.0,"rgb(5,48,97)"],[0.1,"rgb(33,102,172)"],[0.2,"rgb(67,147,195)"],[0.3,"rgb(146,197,222)"],[0.4,"rgb(209,229,240)"],[0.5,"rgb(247,247,247)"],[0.6,"rgb(253,219,199)"],[0.7,"rgb(244,165,130)"],[0.8,"rgb(214,96,77)"],[0.9,"rgb(178,24,43)"],[1.0,"rgb(103,0,31)"]],"hovertemplate":"y=%{y}\u003cbr\u003ex=%{x}\u003cbr\u003ecorr=%{z:.2f}\u003cextra\u003espearman clingen\u003c\u002fextra\u003e","text":[["1.0","-0.17","-0.21","-0.17","0.05","0.01","0.11","0.03","0.13","-0.1","0.16","0.75","0.31","0.19","-0.81"],["-0.17","1.0","0.19","0.25","-0.26","0.16","-0.15","-0.22","-0.26","0.01","-0.22","-0.18","-0.11","0.02","0.26"],["-0.21","0.19","1.0","0.21","-0.33","0.05","-0.23","-0.14","-0.22","-0.04","-0.2","-0.08","-0.06","0.03","0.19"],["-0.17","0.25","0.21","1.0","-0.49","0.6","-0.4","-0.74","-0.53","-0.22","-0.95","-0.15","-0.11","-0.03","0.22"],["0.05","-0.26","-0.33","-0.49","1.0","-0.21","0.54","0.49","0.41","0.39","0.48","-0.01","0.24","0.16","-0.07"],["0.01","0.16","0.05","0.6","-0.21","1.0","-0.25","-0.49","-0.31","-0.06","-0.61","0.0","-0.14","-0.06","0.07"],["0.11","-0.15","-0.23","-0.4","0.54","-0.25","1.0","0.36","0.33","0.22","0.38","0.07","0.14","0.17","-0.08"],["0.03","-0.22","-0.14","-0.74","0.49","-0.49","0.36","1.0","0.59","0.52","0.71","0.05","0.28","0.17","-0.11"],["0.13","-0.26","-0.22","-0.53","0.41","-0.31","0.33","0.59","1.0","0.23","0.51","0.13","0.17","0.12","-0.17"],["-0.1","0.01","-0.04","-0.22","0.39","-0.06","0.22","0.52","0.23","1.0","0.24","-0.09","0.18","0.16","0.03"],["0.16","-0.22","-0.2","-0.95","0.48","-0.61","0.38","0.71","0.51","0.24","1.0","0.14","0.1","0.01","-0.22"],["0.75","-0.18","-0.08","-0.15","-0.01","0.0","0.07","0.05","0.13","-0.09","0.14","1.0","0.25","0.27","-0.67"],["0.31","-0.11","-0.06","-0.11","0.24","-0.14","0.14","0.28","0.17","0.18","0.1","0.25","1.0","0.61","-0.28"],["0.19","0.02","0.03","-0.03","0.16","-0.06","0.17","0.17","0.12","0.16","0.01","0.27","0.61","1.0","-0.12"],["-0.81","0.26","0.19","0.22","-0.07","0.07","-0.08","-0.11","-0.17","0.03","-0.22","-0.67","-0.28","-0.12","1.0"]],"textfont":{"color":"black","size":11},"texttemplate":"%{text}","x":["tpm_muscle","ncRVIS","loeuf_score","ncGERP","RVIS_score","ncCADD","pHaplo","pTriplo","Episcore","pLI","median_tpm","num_enh","num_super_enh","tau","vg_eqtl"],"y":["tpm_muscle","ncRVIS","loeuf_score","ncGERP","RVIS_score","ncCADD","pHaplo","pTriplo","Episcore","pLI","median_tpm","num_enh","num_super_enh","tau","vg_eqtl"],"z":{"dtype":"f8","bdata":"AAAAAAAA8D+gv03weLDFv0gI53ZfYsq\u002f1COKVrdtxb\u002fi47srmC+oPzrHGKyJ4Xk\u002fqeLP1AoEvT9Eglg0CQOfP2M+Wbcw6sA\u002fRSceHLILur9f96j3DsnEP6W4+Ecj6uc\u002f\u002fJegjwq+0z\u002f9qnNPM97HPxZnhfFFz+m\u002foL9N8Hiwxb8AAAAAAADwPwfhB+INjMg\u002fnRsFe2Xxzz8vuTtD9cvQv+ztOuScHMQ\u002fyQ708gWMw7+X93B2fSvMv0hplCZpbtC\u002fXQAFn29+dT9fRLz48CLMv6X4AJmkeMe\u002fUNov0FJAu7+8DHNV1NmUPyikR5dqjtA\u002fSAjndl9iyr8H4QfiDYzIPwAAAAAAAPA\u002fP4GAKIx8yj9NGDv2Q9TUvzXcRlvFbKs\u002fERHsS5nBzb+NmQK73rXBvxi6ZjWQ+cu\u002ft5NX6pOYpL82NXBNzx7Jv+1jXIqQsbW\u002fxlLos0AZrb8f9E\u002fwmLKcP8Ww1U9c18g\u002f1COKVrdtxb+dGwV7ZfHPPz+BgCiMfMo\u002fAAAAAAAA8D+x\u002f0QRyoffvyt1vgiSPuM\u002fGYMtrQaN2b83sss+mYnnvzmhE9diBOG\u002fsb0KP1VdzL8Ml8Y0Z03uvytSzQBExsK\u002fA95UDUxivb+JOhe5fTKbv5HDbxe0VMw\u002f4uO7K5gvqD8vuTtD9cvQv00YO\u002fZD1NS\u002fsf9EEcqH378AAAAAAADwPyiOxSLyY8u\u002fXMkCJ+sj4T++bddP0nbfP5VoXMTkRdo\u002fVWLvl4nQ2D8\u002fRgNftPHeP8qWbohlV4e\u002f\u002f5pdYT5szj+4bEfLtO\u002fDPzCkNLOYYLK\u002fOscYrInheT\u002fs7TrknBzEPzXcRlvFbKs\u002fK3W+CJI+4z8ojsUi8mPLvwAAAAAAAPA\u002fqo96QXZF0L+HlWBPhE7fv7KDuDHICdS\u002flC\u002f\u002ffdO\u002frL9BS87Kj2fjv9Mvsi5lBXM\u002fPqlK3Rkgwr\u002fqnY3RLzmvvw+3QIjEqLA\u002fqeLP1AoEvT\u002fJDvTyBYzDvxER7EuZwc2\u002fGYMtrQaN2b9cyQIn6yPhP6qPekF2RdC\u002fAAAAAAAA8D8HjpF7O0HXP\u002fu7jWq8FtU\u002f5ZZtaYsWzD801fPwmwLYP8d08rOAWLI\u002fdoU6VOhbwT8BJHnonjbFPzY2\u002f30sc7O\u002fRIJYNAkDnz+X93B2fSvMv42ZArvetcG\u002fN7LLPpmJ57++bddP0nbfP4eVYE+ETt+\u002fB46ReztB1z8AAAAAAADwP\u002fXyKH5cwuI\u002fvw1lXYKe4D9CJDnfy9LmPwM7BEAqd6c\u002f6wJfKy0V0j\u002fOKJTfp1LFP8N\u002fTcYMELu\u002fYz5ZtzDqwD9IaZQmaW7Qvxi6ZjWQ+cu\u002fOaET12IE4b+VaFzE5EXaP7KDuDHICdS\u002f+7uNarwW1T\u002f18ih+XMLiPwAAAAAAAPA\u002fY\u002fPYZIRLzT\u002fofLDPkGrgPygwm9+is8A\u002fxjsko460xT8fhmwGuSq\u002fP1DggF4Io8W\u002fRSceHLILur9dAAWfb351P7eTV+qTmKS\u002fsb0KP1VdzL9VYu+XidDYP5Qv\u002f33Tv6y\u002f5ZZtaYsWzD+\u002fDWVdgp7gP2Pz2GSES80\u002fAAAAAAAA8D8EHb\u002fqmH3OP2ntkBJmNre\u002fcpzV0Jr4xj8Ml9\u002fRi3HEP3kLl7D\u002fgqE\u002fX\u002feo9w7JxD9fRLz48CLMvzY1cE3PHsm\u002fDJfGNGdN7r8\u002fRgNftPHeP0FLzsqPZ+O\u002fNNXz8JsC2D9CJDnfy9LmP+h8sM+QauA\u002fBB2\u002f6ph9zj8AAAAAAADwP6CteE\u002f5Y8E\u002fGEq64CnquT\u002f\u002f28hz8zt1P\u002fzazY\u002fSn8y\u002fpbj4RyPq5z+l+ACZpHjHv+1jXIqQsbW\u002fK1LNAETGwr\u002fKlm6IZVeHv9Mvsi5lBXM\u002fx3Tys4BYsj8DOwRAKnenPygwm9+is8A\u002fae2QEmY2t7+grXhP+WPBPwAAAAAAAPA\u002f5cgNPLLHzz+e0KnnWGTRP4tMX7rfZuW\u002f\u002fJegjwq+0z9Q2i\u002fQUkC7v8ZS6LNAGa2\u002fA95UDUxivb\u002f\u002fml1hPmzOPz6pSt0ZIMK\u002fdoU6VOhbwT\u002frAl8rLRXSP8Y7JKOOtMU\u002fcpzV0Jr4xj8YSrrgKeq5P+XIDTyyx88\u002fAAAAAAAA8D9e6ZOOenfjPzgKmyiKuNG\u002f\u002fapzTzPexz+8DHNV1NmUPx\u002f0T\u002fCYspw\u002fiToXuX0ym7+4bEfLtO\u002fDP+qdjdEvOa+\u002fASR56J42xT\u002fOKJTfp1LFPx+GbAa5Kr8\u002fDJff0YtxxD\u002f\u002f28hz8zt1P57QqedYZNE\u002fXumTjnp34z8AAAAAAADwPyv\u002fsSekar+\u002fFmeF8UXP6b8opEeXao7QP8Ww1U9c18g\u002fkcNvF7RUzD8wpDSzmGCyvw+3QIjEqLA\u002fNjb\u002ffSxzs7\u002fDf03GDBC7v1DggF4Io8W\u002feQuXsP+CoT\u002f82s2P0p\u002fMv4tMX7rfZuW\u002fOAqbKIq40b8r\u002f7EnpGq\u002fvwAAAAAAAPA\u002f","shape":"15, 15"},"zmax":1,"zmin":-1,"type":"heatmap","xaxis":"x6","yaxis":"y6"},{"colorscale":[[0.0,"rgb(5,48,97)"],[0.1,"rgb(33,102,172)"],[0.2,"rgb(67,147,195)"],[0.3,"rgb(146,197,222)"],[0.4,"rgb(209,229,240)"],[0.5,"rgb(247,247,247)"],[0.6,"rgb(253,219,199)"],[0.7,"rgb(244,165,130)"],[0.8,"rgb(214,96,77)"],[0.9,"rgb(178,24,43)"],[1.0,"rgb(103,0,31)"]],"hovertemplate":"y=%{y}\u003cbr\u003ex=%{x}\u003cbr\u003ecorr=%{z:.2f}\u003cextra\u003epearson background_null\u003c\u002fextra\u003e","text":[["1.0","0.02","0.06","0.02","-0.03","-0.01","0.03","0.07","-0.08","0.04","0.05","0.34","0.25","0.23","-0.09"],["0.02","1.0","0.28","-0.03","-0.02","0.23","-0.03","-0.0","-0.07","-0.0","0.05","0.32","-0.1","-0.06","-0.0"],["0.06","0.28","1.0","0.08","-0.13","0.46","-0.15","-0.12","-0.15","-0.05","-0.1","-0.0","-0.05","-0.01","0.05"],["0.02","-0.03","0.08","1.0","-0.46","0.35","-0.35","-0.63","-0.58","-0.31","-0.7","-0.04","-0.15","-0.07","0.11"],["-0.03","-0.02","-0.13","-0.46","1.0","-0.18","0.6","0.4","0.42","0.39","0.45","-0.05","0.12","0.04","-0.02"],["-0.01","0.23","0.46","0.35","-0.18","1.0","-0.2","-0.28","-0.26","-0.09","-0.26","0.03","-0.17","-0.23","0.05"],["0.03","-0.03","-0.15","-0.35","0.6","-0.2","1.0","0.26","0.37","0.2","0.34","0.08","0.07","0.03","-0.08"],["0.07","-0.0","-0.12","-0.63","0.4","-0.28","0.26","1.0","0.51","0.51","0.67","0.06","0.25","0.13","-0.09"],["-0.08","-0.07","-0.15","-0.58","0.42","-0.26","0.37","0.51","1.0","0.18","0.58","-0.05","0.03","-0.01","-0.26"],["0.04","-0.0","-0.05","-0.31","0.39","-0.09","0.2","0.51","0.18","1.0","0.33","0.11","0.31","0.13","-0.0"],["0.05","0.05","-0.1","-0.7","0.45","-0.26","0.34","0.67","0.58","0.33","1.0","0.12","0.1","0.05","-0.14"],["0.34","0.32","-0.0","-0.04","-0.05","0.03","0.08","0.06","-0.05","0.11","0.12","1.0","0.06","0.11","-0.2"],["0.25","-0.1","-0.05","-0.15","0.12","-0.17","0.07","0.25","0.03","0.31","0.1","0.06","1.0","0.55","-0.03"],["0.23","-0.06","-0.01","-0.07","0.04","-0.23","0.03","0.13","-0.01","0.13","0.05","0.11","0.55","1.0","-0.05"],["-0.09","-0.0","0.05","0.11","-0.02","0.05","-0.08","-0.09","-0.26","-0.0","-0.14","-0.2","-0.03","-0.05","1.0"]],"textfont":{"color":"black","size":11},"texttemplate":"%{text}","x":["tpm_muscle","ncRVIS","loeuf_score","ncGERP","RVIS_score","ncCADD","pHaplo","pTriplo","Episcore","pLI","median_tpm","num_enh","num_super_enh","tau","vg_eqtl"],"y":["tpm_muscle","ncRVIS","loeuf_score","ncGERP","RVIS_score","ncCADD","pHaplo","pTriplo","Episcore","pLI","median_tpm","num_enh","num_super_enh","tau","vg_eqtl"],"z":{"dtype":"f8","bdata":"AAAAAAAA8D\u002fPZL4ARBGYPwamcTntGrA\u002f7tJCNirVkz\u002ffz9Ke64Gfv4VgIz7vOoK\u002fIKPigaCZnz+OFjFw7daxPyzrdsRvFLS\u002f+wcZ9XITpj9ipqsxhs2rP4DpLjEZCdY\u002fkyAs5BAu0D+ildJAkhPNP1heQ20WBLi\u002fz2S+AEQRmD8AAAAAAADwP8GvOD3DC9I\u002fH31nnAkhnL\u002fkg+9mf+mYvw9\u002faGZt8sw\u002fYmXqyeTLoL9lZZnKxN5wv0O90ZOStbK\u002fxo21ptEscL9j6Uj1kQGrP5tCS2B0v9Q\u002fr+zBCievur87dQQZmr+tv6BRV2qVeHC\u002fBqZxOe0asD\u002fBrzg9wwvSPwAAAAAAAPA\u002f+RW\u002ftqPLtD+7KmTpCyvBv5FjLVKTV90\u002faPpXDPlvw78T6TZDzIy+v2cetnbSrMK\u002f6hcRRov2p78TSUHPfKK6vxPipAtaQVi\u002f92teslqyqb+IBghXQCmMv1HTtlk56Ko\u002f7tJCNirVkz8ffWecCSGcv\u002fkVv7ajy7Q\u002fAAAAAAAA8D+2ZFvN8yndv11n9yj1NtY\u002fa8y3rQaG1r9NFJsmCgrkv\u002fOVvlZMgeK\u002fG9fTqHnu079eBdEwkknmv+VhT1CxmKW\u002fgX4zKm4Fw795AFhrHv+yv8YneBSg+7s\u002f38\u002fSnuuBn7\u002fkg+9mf+mYv7sqZOkLK8G\u002ftmRbzfMp3b8AAAAAAADwP53VPGxx18a\u002fhf8elKAa4z+1rAyujU\u002fZP75fdaZQtdo\u002fQiPvU8gb2T9E9ZNb+QTdP+EYBT8NyKi\u002fbcvLSd0Rvj85Xl5+9RmlPzyxC8Mx0o+\u002fhWAjPu86gr8Pf2hmbfLMP5FjLVKTV90\u002fXWf3KPU21j+d1TxscdfGvwAAAAAAAPA\u002fz4ec2rwhyr\u002f0MXDNURbSvyNFUCjG4dC\u002fQNJ2BLnHt7+cctzupKTQv4+6ejQGnKE\u002fsYUsdKZQxr++8b\u002fVLhnNv3VXpTaiMqs\u002fIKPigaCZnz9iZerJ5Mugv2j6Vwz5b8O\u002fa8y3rQaG1r+F\u002fx6UoBrjP8+HnNq8Icq\u002fAAAAAAAA8D\u002f90B6v3Y\u002fQP8kNh0YGqtc\u002fs7ypaETByT+7Th4IYrvVP35zz+uERLQ\u002fqiLtCWPvsT9jvmBIJ8qhP94ttUyHVbS\u002fjhYxcO3WsT9lZZnKxN5wvxPpNkPMjL6\u002fTRSbJgoK5L+1rAyujU\u002fZP\u002fQxcM1RFtK\u002f\u002fdAer92P0D8AAAAAAADwP4+N8d9Gd+A\u002fJ+LB1r404D+g+zm9Fm\u002flP3qbVQnoL60\u002fmDWDfvkT0D9pLJ4t7wDAPwGOAyyiLbi\u002fLOt2xG8UtL9DvdGTkrWyv2cetnbSrMK\u002f85W+VkyB4r++X3WmULXaPyNFUCjG4dC\u002fyQ2HRgaq1z+PjfHfRnfgPwAAAAAAAPA\u002fX6\u002flzZpsxj+e3qrhC27iP7SwKt40G6u\u002f1ywvFHSxmz8w9nBmTXx8v2cKja5d9dC\u002f+wcZ9XITpj\u002fGjbWm0Sxwv+oXEUaL9qe\u002fG9fTqHnu079CI+9TyBvZP0DSdgS5x7e\u002fs7ypaETByT8n4sHWvjTgP1+v5c2abMY\u002fAAAAAAAA8D82WGt4rxrVP4+9yQ8mH7w\u002fNzZnbf8j1D\u002fyrhU+6e7AP63JYzgDnV+\u002fYqarMYbNqz9j6Uj1kQGrPxNJQc98orq\u002fXgXRMJJJ5r9E9ZNb+QTdP5xy3O6kpNC\u002fu04eCGK71T+g+zm9Fm\u002flP57equELbuI\u002fNlhreK8a1T8AAAAAAADwP3HFCkXJer8\u002fxlHi53Eduj+401Yd8aCrP1yKGFKmfMG\u002fgOkuMRkJ1j+bQktgdL\u002fUPxPipAtaQVi\u002f5WFPULGYpb\u002fhGAU\u002fDciov4+6ejQGnKE\u002ffnPP64REtD96m1UJ6C+tP7SwKt40G6u\u002fj73JDyYfvD9xxQpFyXq\u002fPwAAAAAAAPA\u002f5JcxibBasD98XneavW+9P9+2Z96QzMm\u002fkyAs5BAu0D+v7MEKJ6+6v\u002fdrXrJasqm\u002fgX4zKm4Fw79ty8tJ3RG+P7GFLHSmUMa\u002fqiLtCWPvsT+YNYN++RPQP9csLxR0sZs\u002fNzZnbf8j1D\u002fGUeLncR26P+SXMYmwWrA\u002fAAAAAAAA8D9kiqffuKLhP8NkLcw3VKG\u002fopXSQJITzT87dQQZmr+tv4gGCFdAKYy\u002feQBYax7\u002fsr85Xl5+9RmlP77xv9UuGc2\u002fY75gSCfKoT9pLJ4t7wDAPzD2cGZNfHy\u002f8q4VPunuwD+401Yd8aCrP3xed5q9b70\u002fZIqn37ii4T8AAAAAAADwPwEQ9Kq0BKq\u002fWF5DbRYEuL+gUVdqlXhwv1HTtlk56Ko\u002fxid4FKD7uz88sQvDMdKPv3VXpTaiMqs\u002f3i21TIdVtL8BjgMsoi24v2cKja5d9dC\u002frcljOAOdX79cihhSpnzBv9+2Z96QzMm\u002fw2QtzDdUob8BEPSqtASqvwAAAAAAAPA\u002f","shape":"15, 15"},"zmax":1,"zmin":-1,"type":"heatmap","xaxis":"x3","yaxis":"y3"},{"colorscale":[[0.0,"rgb(5,48,97)"],[0.1,"rgb(33,102,172)"],[0.2,"rgb(67,147,195)"],[0.3,"rgb(146,197,222)"],[0.4,"rgb(209,229,240)"],[0.5,"rgb(247,247,247)"],[0.6,"rgb(253,219,199)"],[0.7,"rgb(244,165,130)"],[0.8,"rgb(214,96,77)"],[0.9,"rgb(178,24,43)"],[1.0,"rgb(103,0,31)"]],"hovertemplate":"y=%{y}\u003cbr\u003ex=%{x}\u003cbr\u003ecorr=%{z:.2f}\u003cextra\u003espearman background_null\u003c\u002fextra\u003e","text":[["1.0","-0.13","-0.02","-0.09","0.04","0.03","0.21","0.07","0.21","0.02","0.17","0.77","0.22","0.16","-0.61"],["-0.13","1.0","0.21","0.13","-0.21","0.1","-0.16","-0.12","-0.23","-0.03","-0.14","-0.01","-0.0","0.01","0.2"],["-0.02","0.21","1.0","0.2","-0.19","0.12","-0.16","-0.13","-0.22","-0.06","-0.22","-0.01","-0.12","-0.02","0.05"],["-0.09","0.13","0.2","1.0","-0.44","0.5","-0.34","-0.68","-0.6","-0.36","-0.72","-0.1","-0.14","-0.09","0.13"],["0.04","-0.21","-0.19","-0.44","1.0","-0.17","0.54","0.33","0.37","0.35","0.41","0.05","0.04","-0.02","-0.05"],["0.03","0.1","0.12","0.5","-0.17","1.0","-0.16","-0.38","-0.31","-0.14","-0.28","0.02","-0.15","-0.09","0.01"],["0.21","-0.16","-0.16","-0.34","0.54","-0.16","1.0","0.22","0.35","0.18","0.32","0.22","0.04","0.04","-0.16"],["0.07","-0.12","-0.13","-0.68","0.33","-0.38","0.22","1.0","0.49","0.5","0.57","0.08","0.23","0.18","-0.08"],["0.21","-0.23","-0.22","-0.6","0.37","-0.31","0.35","0.49","1.0","0.15","0.47","0.18","0.07","0.09","-0.29"],["0.02","-0.03","-0.06","-0.36","0.35","-0.14","0.18","0.5","0.15","1.0","0.38","0.09","0.28","0.13","0.02"],["0.17","-0.14","-0.22","-0.72","0.41","-0.28","0.32","0.57","0.47","0.38","1.0","0.17","0.05","0.04","-0.21"],["0.77","-0.01","-0.01","-0.1","0.05","0.02","0.22","0.08","0.18","0.09","0.17","1.0","0.22","0.26","-0.55"],["0.22","-0.0","-0.12","-0.14","0.04","-0.15","0.04","0.23","0.07","0.28","0.05","0.22","1.0","0.52","0.02"],["0.16","0.01","-0.02","-0.09","-0.02","-0.09","0.04","0.18","0.09","0.13","0.04","0.26","0.52","1.0","0.01"],["-0.61","0.2","0.05","0.13","-0.05","0.01","-0.16","-0.08","-0.29","0.02","-0.21","-0.55","0.02","0.01","1.0"]],"textfont":{"color":"black","size":11},"texttemplate":"%{text}","x":["tpm_muscle","ncRVIS","loeuf_score","ncGERP","RVIS_score","ncCADD","pHaplo","pTriplo","Episcore","pLI","median_tpm","num_enh","num_super_enh","tau","vg_eqtl"],"y":["tpm_muscle","ncRVIS","loeuf_score","ncGERP","RVIS_score","ncCADD","pHaplo","pTriplo","Episcore","pLI","median_tpm","num_enh","num_super_enh","tau","vg_eqtl"],"z":{"dtype":"f8","bdata":"AAAAAAAA8D8d0v17+5fAv4SutJofGZG\u002f1xJoVk8QuL+iV7lfZHuiP8GrGNTS6qE\u002feNXYtvrtyj9rrwuhGVOyP+X8WdXKJ8s\u002fw0R1B2KCkj+49S1drZnFP9zFvCXUoeg\u002frTS5SEvCyz94G7ODIZ3EP6Z2jRXcguO\u002fHdL9e\u002fuXwL8AAAAAAADwP91865qaeMo\u002fReffMd21wD\u002fB8+nQfYHKvz6nqjZ1sbg\u002fwI5nyUTnxL+PtVXyUCm+v+HDK9rldM2\u002fVTdzqXuAnb9uur2BF2bCv1mwA9T4HYq\u002fbSgJwmWwcb+Ey650gs2AP4kryRJNTMk\u002fhK60mh8Zkb\u002fdfOuamnjKPwAAAAAAAPA\u002ff3DJlWv9yD+egLaQlJPIv3nkUJv2e70\u002fxnYejpD2w78JvEYdlBfAv7WdnxnI\u002fMu\u002fwh35lylEsL84\u002fNrjqbTLv3pIFSWq94a\u002flzpXVg+kvb\u002fuqMzPi6aWv5vRg1qNhqk\u002f1xJoVk8QuL9F598x3bXAP39wyZVr\u002fcg\u002fAAAAAAAA8D+s0eUOtUrcv15f+EkX7N8\u002flW+Z5Suy1b9kr7dlVqzlv2xoV3afHuO\u002fCxLKz6gn179YGlyYcQ3nv4fGdIfKK7m\u002fcoEMhv71wb9dQjG\u002fNqy3v3M4qAU8jMA\u002fole5X2R7oj\u002fB8+nQfYHKv56AtpCUk8i\u002frNHlDrVK3L8AAAAAAADwP1jvghr4pMW\u002fEAk0d54r4T9fSUouJlfVP++9aINvjtc\u002fXnkB++qn1j9KYtKAXlDaPwqol2CuZKk\u002fDaRJ4tXtpj\u002flC2AMEPuQv48HOogdf6e\u002fwasY1NLqoT8+p6o2dbG4P3nkUJv2e70\u002fXl\u002f4SRfs3z9Y74Ia+KTFvwAAAAAAAPA\u002fzrllKSnAxL\u002fW94hmrQTYv\u002fz\u002f1ycLGtS\u002f76T5UDgQwr\u002fLvhiEefHRv\u002faGuUtbR5A\u002fGquVWkbNwr\u002fj0HDZ4ie3vwSA13\u002fw6YA\u002feNXYtvrtyj\u002fAjmfJROfEv8Z2Ho6Q9sO\u002flW+Z5Suy1b8QCTR3nivhP865ZSkpwMS\u002fAAAAAAAA8D9LlY6ar0HMP+y8cY7Ie9Y\u002fSrUADZ+vxj97Q4jmKFjUP7E\u002fEmhat8w\u002fX43OtwRCoz\u002f880Sux7qiPyRftWMwE8S\u002fa68LoRlTsj+PtVXyUCm+vwm8Rh2UF8C\u002fZK+3ZVas5b9fSUouJlfVP9b3iGatBNi\u002fS5WOmq9BzD8AAAAAAADwP5GwZ65HLN8\u002fvFJTvuUM4D+ZN1UjTGPiPxYX4NE4Y7M\u002flxpZIP6hzT+lpaiiv1LHP2DXmdA3abO\u002f5fxZ1conyz\u002fhwyva5XTNv7WdnxnI\u002fMu\u002fbGhXdp8e47\u002fvvWiDb47XP\u002fz\u002f1ycLGtS\u002f7Lxxjsh71j+RsGeuRyzfPwAAAAAAAPA\u002f6fJGAc4awz+PgMF5Yf7dPxC1kjCBisY\u002fX6HJuN+JsT9nLBATVfS1P4uCbxGQeNK\u002fw0R1B2KCkj9VN3Ope4Cdv8Id+ZcpRLC\u002fCxLKz6gn179eeQH76qfWP++k+VA4EMK\u002fSrUADZ+vxj+8UlO+5QzgP+nyRgHOGsM\u002fAAAAAAAA8D8TLqiKHwfYP14XJs0FJ7g\u002fk4n5oB4T0j9ReMVn6YTAPwIMZO+0cJk\u002fuPUtXa2ZxT9uur2BF2bCvzj82uOptMu\u002fWBpcmHEN579KYtKAXlDaP8u+GIR58dG\u002fe0OI5ihY1D+ZN1UjTGPiP4+AwXlh\u002ft0\u002fEy6oih8H2D8AAAAAAADwP65VTT9xj8U\u002fF14lLQlzqj+BO6\u002f6zjqkP9DcIglogcu\u002f3MW8JdSh6D9ZsAPU+B2Kv3pIFSWq94a\u002fh8Z0h8orub8KqJdgrmSpP\u002faGuUtbR5A\u002fsT8SaFq3zD8WF+DROGOzPxC1kjCBisY\u002fXhcmzQUnuD+uVU0\u002fcY\u002fFPwAAAAAAAPA\u002fjJZj7DuwzD9RO11OW+HQP\u002fVx\u002f3cVkeG\u002frTS5SEvCyz9tKAnCZbBxv5c6V1YPpL2\u002fcoEMhv71wb8NpEni1e2mPxqrlVpGzcK\u002fX43OtwRCoz+XGlkg\u002fqHNP1+hybjfibE\u002fk4n5oB4T0j8XXiUtCXOqP4yWY+w7sMw\u002fAAAAAAAA8D89IjDhgaDgP9pe54ZzfJM\u002feBuzgyGdxD+Ey650gs2AP+6ozM+Lppa\u002fXUIxvzast7\u002flC2AMEPuQv+PQcNniJ7e\u002f\u002fPNErse6oj+lpaiiv1LHP2csEBNV9LU\u002fUXjFZ+mEwD+BO6\u002f6zjqkP1E7XU5b4dA\u002fPSIw4YGg4D8AAAAAAADwP9EXDk3YUYU\u002fpnaNFdyC47+JK8kSTUzJP5vRg1qNhqk\u002fczioBTyMwD+PBzqIHX+nvwSA13\u002fw6YA\u002fJF+1YzATxL9g15nQN2mzv4uCbxGQeNK\u002fAgxk77RwmT\u002fQ3CIJaIHLv\u002fVx\u002f3cVkeG\u002f2l7nhnN8kz\u002fRFw5N2FGFPwAAAAAAAPA\u002f","shape":"15, 15"},"zmax":1,"zmin":-1,"type":"heatmap","xaxis":"x7","yaxis":"y7"},{"colorbar":{"len":0.8,"thickness":32,"title":{"text":"corr"}},"colorscale":[[0.0,"rgb(5,48,97)"],[0.1,"rgb(33,102,172)"],[0.2,"rgb(67,147,195)"],[0.3,"rgb(146,197,222)"],[0.4,"rgb(209,229,240)"],[0.5,"rgb(247,247,247)"],[0.6,"rgb(253,219,199)"],[0.7,"rgb(244,165,130)"],[0.8,"rgb(214,96,77)"],[0.9,"rgb(178,24,43)"],[1.0,"rgb(103,0,31)"]],"hovertemplate":"y=%{y}\u003cbr\u003ex=%{x}\u003cbr\u003ecorr=%{z:.2f}\u003cextra\u003epearson clingen_null\u003c\u002fextra\u003e","text":[["1.0","0.0","-0.08","0.0","-0.06","-0.01","0.03","-0.03","-0.04","-0.06","0.0","0.33","-0.03","0.05","-0.13"],["0.0","1.0","0.18","0.25","-0.21","0.35","-0.11","-0.18","-0.17","-0.11","-0.13","0.1","-0.08","-0.05","0.23"],["-0.08","0.18","1.0","0.18","-0.31","-0.0","-0.21","-0.12","-0.18","-0.07","-0.16","0.0","-0.04","-0.06","0.19"],["0.0","0.25","0.18","1.0","-0.49","0.48","-0.38","-0.77","-0.55","-0.38","-0.83","-0.02","-0.11","-0.08","0.09"],["-0.06","-0.21","-0.31","-0.49","1.0","-0.17","0.55","0.46","0.42","0.4","0.49","-0.13","0.25","0.15","-0.06"],["-0.01","0.35","-0.0","0.48","-0.17","1.0","-0.18","-0.36","-0.23","-0.13","-0.32","0.05","-0.09","-0.08","0.15"],["0.03","-0.11","-0.21","-0.38","0.55","-0.18","1.0","0.33","0.33","0.23","0.33","-0.12","0.13","0.16","-0.05"],["-0.03","-0.18","-0.12","-0.77","0.46","-0.36","0.33","1.0","0.53","0.55","0.71","-0.03","0.18","0.12","-0.03"],["-0.04","-0.17","-0.18","-0.55","0.42","-0.23","0.33","0.53","1.0","0.27","0.55","-0.07","0.18","0.13","-0.12"],["-0.06","-0.11","-0.07","-0.38","0.4","-0.13","0.23","0.55","0.27","1.0","0.41","0.02","0.26","0.13","-0.03"],["0.0","-0.13","-0.16","-0.83","0.49","-0.32","0.33","0.71","0.55","0.41","1.0","0.07","0.13","0.07","-0.11"],["0.33","0.1","0.0","-0.02","-0.13","0.05","-0.12","-0.03","-0.07","0.02","0.07","1.0","0.01","0.03","-0.24"],["-0.03","-0.08","-0.04","-0.11","0.25","-0.09","0.13","0.18","0.18","0.26","0.13","0.01","1.0","0.5","-0.24"],["0.05","-0.05","-0.06","-0.08","0.15","-0.08","0.16","0.12","0.13","0.13","0.07","0.03","0.5","1.0","-0.18"],["-0.13","0.23","0.19","0.09","-0.06","0.15","-0.05","-0.03","-0.12","-0.03","-0.11","-0.24","-0.24","-0.18","1.0"]],"textfont":{"color":"black","size":11},"texttemplate":"%{text}","x":["tpm_muscle","ncRVIS","loeuf_score","ncGERP","RVIS_score","ncCADD","pHaplo","pTriplo","Episcore","pLI","median_tpm","num_enh","num_super_enh","tau","vg_eqtl"],"y":["tpm_muscle","ncRVIS","loeuf_score","ncGERP","RVIS_score","ncCADD","pHaplo","pTriplo","Episcore","pLI","median_tpm","num_enh","num_super_enh","tau","vg_eqtl"],"z":{"dtype":"f8","bdata":"AAAAAAAA8D\u002fQWCCGtdVhP25qmBd+kLW\u002fB2tjFf48XT9PFYFxVuutvxpU1o2mN3+\u002fncF24pbnoT+6wi0eFGGbv2+1jubvxKS\u002fqb\u002fcgejKrL9jbyUdgOppP97BqgboO9U\u002fn0BAze1Bob8t0pqwos6pP2x6BD5hecC\u002f0FgghrXVYT8AAAAAAADwP8fgImbCVMc\u002fOBZOXQwt0D8z9b7eeubKv9LvUGTictY\u002fsSDzabNpu79Ia6FzYVfHv+gYE8sajcW\u002fiL\u002fXzD4+vL+Yzoh8ZVjAv290fBwaCrk\u002fJdEwDjswtL8\u002fT2xL9kiov\u002fHBe3YoSM0\u002fbmqYF36Qtb\u002fH4CJmwlTHPwAAAAAAAPA\u002fU8aWVVeqxj\u002fy1d+IWBfUv47klzjhTFe\u002f9OwfWmO+yr+YDr2Ugmu+v\u002fMnjjcbp8a\u002fXfjm7332sL\u002fQN9p900LEv6W89a\u002fxbGA\u002f6SX7CPMCpb\u002fbwgd6Uquvv9luTCNw8sc\u002fB2tjFf48XT84Fk5dDC3QP1PGllVXqsY\u002fAAAAAAAA8D\u002fWKfy5azrfvxnVto2R\u002fd4\u002f00Sl+aIE2L+pM3SQ\u002fIrov\u002fg5oLLOveG\u002f6t3aERgB2L+8TEMBeZDqvxq+CvYhZJK\u002fd3KEaOfuu7\u002fen9JrWluzv4sFRSNBKbg\u002fTxWBcVbrrb8z9b7eeubKv\u002fLV34hYF9S\u002f1in8uWs6378AAAAAAADwP7do0wSv8MW\u002fDLhF10WS4T\u002fektEj2ZvdP7lNH\u002fliDNs\u002fvEX6WiN82T+1lONCDzTfP1bvvjxUEcG\u002fxSjyD7w40D8u\u002fRrS2iDDP6brCfFmuqy\u002fGlTWjaY3f7\u002fS71Bk4nLWP47klzjhTFe\u002fGdW2jZH93j+3aNMEr\u002fDFvwAAAAAAAPA\u002fvkVgSneoxr\u002fk5UTXCzPXvyYvYP8Y08y\u002fjgiFarBEwb\u002fkTA336G3Uv\u002fEOwi+p3qk\u002f85NmGtlOt7+VztMbory1v2Yd0l+AXsM\u002fncF24pbnoT+xIPNps2m7v\u002fTsH1pjvsq\u002f00Sl+aIE2L8MuEXXRZLhP75FYEp3qMa\u002fAAAAAAAA8D+mWPdLv\u002fPUP6rcEsqEYtU\u002fGDT2\u002fLEozT\u002f9W14f0kLVP+AZVaauyb2\u002fW6KiK8mYwD8huJj9vm\u002fEPz2iaRN0Uqm\u002fusItHhRhm79Ia6FzYVfHv5gOvZSCa76\u002fqTN0kPyK6L\u002fektEj2ZvdP+TlRNcLM9e\u002fplj3S7\u002fz1D8AAAAAAADwP8DZPF88D+E\u002fapQ13ymG4T8+XbxDcb\u002fmP4jWRlHTMqC\u002fnRp8algVxz\u002fZ8SaLmm6+P6PUIrQmBZ2\u002fb7WO5u\u002fEpL\u002foGBPLGo3Fv\u002fMnjjcbp8a\u002f+Dmgss694b+5TR\u002f5YgzbPyYvYP8Y08y\u002fqtwSyoRi1T\u002fA2TxfPA\u002fhPwAAAAAAAPA\u002ff3JsY+qS0T\u002f6eWJJ4Y7hP7vTH8DEeLG\u002f\u002f0Uv2crPxj+w4t2opAnAP0+sZ\u002fPmjb2\u002fqb\u002fcgejKrL+Iv9fMPj68v1345u999rC\u002f6t3aERgB2L+8RfpaI3zZP44IhWqwRMG\u002fGDT2\u002fLEozT9qlDXfKYbhP39ybGPqktE\u002fAAAAAAAA8D\u002f8EQNw\u002f+zZP8tsrrIpq5Q\u002f\u002fr0f0PPu0D\u002fjn2yXbajAP5xTYIFPnpy\u002fY28lHYDqaT+Yzoh8ZVjAv9A32n3TQsS\u002fvExDAXmQ6r+1lONCDzTfP+RMDffobdS\u002f\u002fVteH9JC1T8+XbxDcb\u002fmP\u002fp5YknhjuE\u002f\u002fBEDcP\u002fs2T8AAAAAAADwP1yxTgStQrE\u002fipgY+V7YwD+Td4Le1jmyP5wuDiO9z7u\u002f3sGqBug71T9vdHwcGgq5P6W89a\u002fxbGA\u002fGr4K9iFkkr9W7748VBHBv\u002fEOwi+p3qk\u002f4BlVpq7Jvb+I1kZR0zKgv7vTH8DEeLG\u002fy2yusimrlD9csU4ErUKxPwAAAAAAAPA\u002fMwtdy\u002fkGgT\u002f\u002fTntWA0ucP2lro4ICz86\u002fn0BAze1Bob8l0TAOOzC0v+kl+wjzAqW\u002fd3KEaOfuu7\u002fFKPIPvDjQP\u002fOTZhrZTre\u002fW6KiK8mYwD+dGnxqWBXHP\u002f9FL9nKz8Y\u002f\u002fr0f0PPu0D+KmBj5XtjAPzMLXcv5BoE\u002fAAAAAAAA8D8Th1dGgRDgP4MVlazq986\u002fLdKasKLOqT8\u002fT2xL9kiov9vCB3pSq6+\u002f3p\u002fSa1pbs78u\u002fRrS2iDDP5XO0xuivLW\u002fIbiY\u002fb5vxD\u002fZ8SaLmm6+P7Di3aikCcA\u002f459sl22owD+Td4Le1jmyP\u002f9Oe1YDS5w\u002fE4dXRoEQ4D8AAAAAAADwPwYopgsMTse\u002fbHoEPmF5wL\u002fxwXt2KEjNP9luTCNw8sc\u002fiwVFI0EpuD+m6wnxZrqsv2Yd0l+AXsM\u002fPaJpE3RSqb+j1CK0JgWdv0+sZ\u002fPmjb2\u002fnFNggU+enL+cLg4jvc+7v